tau | kernel | gamma | iters | baseline_blur | diff_blur | delta_blur | baseline_gaussian_noise | diff_gaussian_noise | delta_gaussian_noise | baseline_brightness_shift | diff_brightness_shift | delta_brightness_shift | baseline_jpeg_compression | diff_jpeg_compression | delta_jpeg_compression | avg_baseline | avg_diff | avg_delta
0.95 | 3 | 1 | 1 | 0.259166 | 0.273233 | +0.014067 | 0.363183 | 0.443782 | +0.080599 | 0.573753 | 0.598511 | +0.024757 | 0.379507 | 0.407434 | +0.027927 | 0.393902 | 0.430740 | +0.036838
0.95 | 3 | 2 | 1 | 0.259166 | 0.273233 | +0.014067 | 0.363183 | 0.443782 | +0.080599 | 0.573753 | 0.598510 | +0.024757 | 0.379507 | 0.407435 | +0.027928 | 0.393902 | 0.430740 | +0.036837
0.95 | 3 | 4 | 1 | 0.259166 | 0.273233 | +0.014067 | 0.363183 | 0.443781 | +0.080599 | 0.573753 | 0.598509 | +0.024756 | 0.379507 | 0.407434 | +0.027927 | 0.393902 | 0.430739 | +0.036837
0.95 | 3 | 1 | 3 | 0.259166 | 0.273230 | +0.014064 | 0.363183 | 0.443777 | +0.080594 | 0.573753 | 0.598502 | +0.024749 | 0.379507 | 0.407432 | +0.027925 | 0.393902 | 0.430735 | +0.036833
0.95 | 5 | 2 | 1 | 0.259166 | 0.273229 | +0.014063 | 0.363183 | 0.443777 | +0.080594 | 0.573753 | 0.598503 | +0.024750 | 0.379507 | 0.407432 | +0.027925 | 0.393902 | 0.430735 | +0.036833
0.95 | 5 | 1 | 1 | 0.259166 | 0.273229 | +0.014063 | 0.363183 | 0.443777 | +0.080594 | 0.573753 | 0.598503 | +0.024750 | 0.379507 | 0.407432 | +0.027925 | 0.393902 | 0.430735 | +0.036833
0.95 | 3 | 2 | 3 | 0.259166 | 0.273228 | +0.014062 | 0.363183 | 0.443776 | +0.080593 | 0.573753 | 0.598500 | +0.024746 | 0.379507 | 0.407432 | +0.027925 | 0.393902 | 0.430734 | +0.036831
0.95 | 3 | 4 | 3 | 0.259166 | 0.273228 | +0.014063 | 0.363183 | 0.443776 | +0.080593 | 0.573753 | 0.598497 | +0.024744 | 0.379507 | 0.407430 | +0.027923 | 0.393902 | 0.430733 | +0.036831
0.95 | 5 | 4 | 1 | 0.259166 | 0.273229 | +0.014063 | 0.363183 | 0.443776 | +0.080593 | 0.573753 | 0.598495 | +0.024741 | 0.379507 | 0.407432 | +0.027925 | 0.393902 | 0.430733 | +0.036831
0.95 | 5 | 1 | 5 | 0.259166 | 0.273226 | +0.014060 | 0.363183 | 0.443772 | +0.080589 | 0.573753 | 0.598492 | +0.024738 | 0.379507 | 0.407435 | +0.027928 | 0.393902 | 0.430731 | +0.036829
0.95 | 3 | 1 | 5 | 0.259166 | 0.273227 | +0.014061 | 0.363183 | 0.443774 | +0.080591 | 0.573753 | 0.598492 | +0.024739 | 0.379507 | 0.407430 | +0.027923 | 0.393902 | 0.430731 | +0.036828
0.95 | 5 | 2 | 3 | 0.259166 | 0.273226 | +0.014060 | 0.363183 | 0.443772 | +0.080589 | 0.573753 | 0.598491 | +0.024738 | 0.379507 | 0.407432 | +0.027925 | 0.393902 | 0.430730 | +0.036828
0.95 | 5 | 1 | 3 | 0.259166 | 0.273228 | +0.014062 | 0.363183 | 0.443773 | +0.080590 | 0.573753 | 0.598488 | +0.024735 | 0.379507 | 0.407432 | +0.027925 | 0.393902 | 0.430730 | +0.036828
0.95 | 5 | 4 | 3 | 0.259166 | 0.273226 | +0.014060 | 0.363183 | 0.443771 | +0.080588 | 0.573753 | 0.598491 | +0.024738 | 0.379507 | 0.407432 | +0.027925 | 0.393902 | 0.430730 | +0.036828
0.95 | 5 | 2 | 5 | 0.259166 | 0.273226 | +0.014060 | 0.363183 | 0.443770 | +0.080587 | 0.573753 | 0.598491 | +0.024738 | 0.379507 | 0.407432 | +0.027925 | 0.393902 | 0.430730 | +0.036827
0.95 | 3 | 4 | 5 | 0.259166 | 0.273226 | +0.014060 | 0.363183 | 0.443773 | +0.080591 | 0.573753 | 0.598489 | +0.024736 | 0.379507 | 0.407430 | +0.027923 | 0.393902 | 0.430730 | +0.036827
0.95 | 5 | 4 | 5 | 0.259166 | 0.273225 | +0.014059 | 0.363183 | 0.443770 | +0.080587 | 0.573753 | 0.598491 | +0.024738 | 0.379507 | 0.407432 | +0.027925 | 0.393902 | 0.430730 | +0.036827
0.95 | 3 | 2 | 5 | 0.259166 | 0.273226 | +0.014060 | 0.363183 | 0.443773 | +0.080590 | 0.573753 | 0.598489 | +0.024736 | 0.379507 | 0.407429 | +0.027922 | 0.393902 | 0.430729 | +0.036827
0.90 | 3 | 1 | 1 | 0.259166 | 0.273196 | +0.014030 | 0.363183 | 0.439624 | +0.076441 | 0.573753 | 0.598200 | +0.024446 | 0.379507 | 0.407676 | +0.028169 | 0.393902 | 0.429674 | +0.035772
0.90 | 3 | 2 | 1 | 0.259166 | 0.273196 | +0.014030 | 0.363183 | 0.439623 | +0.076440 | 0.573753 | 0.598199 | +0.024446 | 0.379507 | 0.407677 | +0.028170 | 0.393902 | 0.429674 | +0.035771
0.90 | 3 | 4 | 1 | 0.259166 | 0.273196 | +0.014030 | 0.363183 | 0.439623 | +0.076440 | 0.573753 | 0.598198 | +0.024445 | 0.379507 | 0.407677 | +0.028170 | 0.393902 | 0.429673 | +0.035771
0.90 | 3 | 1 | 3 | 0.259166 | 0.273192 | +0.014026 | 0.363183 | 0.439619 | +0.076436 | 0.573753 | 0.598191 | +0.024438 | 0.379507 | 0.407675 | +0.028168 | 0.393902 | 0.429669 | +0.035767
0.90 | 5 | 2 | 1 | 0.259166 | 0.273192 | +0.014026 | 0.363183 | 0.439618 | +0.076436 | 0.573753 | 0.598192 | +0.024439 | 0.379507 | 0.407674 | +0.028167 | 0.393902 | 0.429669 | +0.035767
0.90 | 5 | 1 | 1 | 0.259166 | 0.273192 | +0.014026 | 0.363183 | 0.439619 | +0.076436 | 0.573753 | 0.598192 | +0.024439 | 0.379507 | 0.407674 | +0.028167 | 0.393902 | 0.429669 | +0.035767
0.90 | 3 | 2 | 3 | 0.259166 | 0.273191 | +0.014025 | 0.363183 | 0.439617 | +0.076434 | 0.573753 | 0.598188 | +0.024435 | 0.379507 | 0.407674 | +0.028167 | 0.393902 | 0.429668 | +0.035765
0.90 | 5 | 4 | 1 | 0.259166 | 0.273192 | +0.014026 | 0.363183 | 0.439618 | +0.076435 | 0.573753 | 0.598184 | +0.024430 | 0.379507 | 0.407674 | +0.028167 | 0.393902 | 0.429667 | +0.035765
0.90 | 3 | 4 | 3 | 0.259166 | 0.273191 | +0.014025 | 0.363183 | 0.439617 | +0.076434 | 0.573753 | 0.598186 | +0.024433 | 0.379507 | 0.407673 | +0.028166 | 0.393902 | 0.429667 | +0.035765
0.90 | 5 | 1 | 5 | 0.259166 | 0.273189 | +0.014023 | 0.363183 | 0.439613 | +0.076430 | 0.573753 | 0.598181 | +0.024427 | 0.379507 | 0.407678 | +0.028171 | 0.393902 | 0.429665 | +0.035763
0.90 | 3 | 1 | 5 | 0.259166 | 0.273190 | +0.014024 | 0.363183 | 0.439616 | +0.076433 | 0.573753 | 0.598181 | +0.024427 | 0.379507 | 0.407672 | +0.028165 | 0.393902 | 0.429665 | +0.035762
0.90 | 5 | 2 | 3 | 0.259166 | 0.273189 | +0.014023 | 0.363183 | 0.439614 | +0.076431 | 0.573753 | 0.598180 | +0.024427 | 0.379507 | 0.407675 | +0.028168 | 0.393902 | 0.429664 | +0.035762
0.90 | 5 | 1 | 3 | 0.259166 | 0.273190 | +0.014024 | 0.363183 | 0.439615 | +0.076432 | 0.573753 | 0.598177 | +0.024424 | 0.379507 | 0.407674 | +0.028167 | 0.393902 | 0.429664 | +0.035762
0.90 | 5 | 4 | 3 | 0.259166 | 0.273189 | +0.014023 | 0.363183 | 0.439613 | +0.076430 | 0.573753 | 0.598180 | +0.024427 | 0.379507 | 0.407675 | +0.028168 | 0.393902 | 0.429664 | +0.035762
0.90 | 5 | 2 | 5 | 0.259166 | 0.273189 | +0.014023 | 0.363183 | 0.439611 | +0.076428 | 0.573753 | 0.598180 | +0.024427 | 0.379507 | 0.407675 | +0.028168 | 0.393902 | 0.429664 | +0.035762
0.90 | 3 | 4 | 5 | 0.259166 | 0.273189 | +0.014023 | 0.363183 | 0.439615 | +0.076432 | 0.573753 | 0.598178 | +0.024425 | 0.379507 | 0.407672 | +0.028165 | 0.393902 | 0.429664 | +0.035761
0.90 | 5 | 4 | 5 | 0.259166 | 0.273188 | +0.014022 | 0.363183 | 0.439612 | +0.076429 | 0.573753 | 0.598180 | +0.024427 | 0.379507 | 0.407675 | +0.028168 | 0.393902 | 0.429664 | +0.035761
0.90 | 3 | 2 | 5 | 0.259166 | 0.273189 | +0.014023 | 0.363183 | 0.439615 | +0.076432 | 0.573753 | 0.598179 | +0.024425 | 0.379507 | 0.407671 | +0.028164 | 0.393902 | 0.429663 | +0.035761
0.85 | 3 | 1 | 1 | 0.259166 | 0.273099 | +0.013933 | 0.363183 | 0.435319 | +0.072136 | 0.573753 | 0.597701 | +0.023948 | 0.379507 | 0.407730 | +0.028223 | 0.393902 | 0.428462 | +0.034560
0.85 | 3 | 2 | 1 | 0.259166 | 0.273099 | +0.013933 | 0.363183 | 0.435318 | +0.072135 | 0.573753 | 0.597701 | +0.023947 | 0.379507 | 0.407730 | +0.028223 | 0.393902 | 0.428462 | +0.034560
0.85 | 3 | 4 | 1 | 0.259166 | 0.273099 | +0.013933 | 0.363183 | 0.435318 | +0.072135 | 0.573753 | 0.597700 | +0.023946 | 0.379507 | 0.407730 | +0.028223 | 0.393902 | 0.428462 | +0.034559
0.85 | 3 | 1 | 3 | 0.259166 | 0.273096 | +0.013930 | 0.363183 | 0.435314 | +0.072131 | 0.573753 | 0.597692 | +0.023939 | 0.379507 | 0.407728 | +0.028221 | 0.393902 | 0.428458 | +0.034555
0.85 | 5 | 2 | 1 | 0.259166 | 0.273095 | +0.013929 | 0.363183 | 0.435314 | +0.072131 | 0.573753 | 0.597694 | +0.023940 | 0.379507 | 0.407727 | +0.028220 | 0.393902 | 0.428457 | +0.034555
0.85 | 5 | 1 | 1 | 0.259166 | 0.273095 | +0.013929 | 0.363183 | 0.435314 | +0.072131 | 0.573753 | 0.597694 | +0.023940 | 0.379507 | 0.407727 | +0.028220 | 0.393902 | 0.428457 | +0.034555
0.85 | 3 | 2 | 3 | 0.259166 | 0.273095 | +0.013929 | 0.363183 | 0.435312 | +0.072130 | 0.573753 | 0.597690 | +0.023936 | 0.379507 | 0.407727 | +0.028220 | 0.393902 | 0.428456 | +0.034554
0.85 | 3 | 4 | 3 | 0.259166 | 0.273095 | +0.013929 | 0.363183 | 0.435312 | +0.072129 | 0.573753 | 0.597687 | +0.023934 | 0.379507 | 0.407726 | +0.028219 | 0.393902 | 0.428455 | +0.034553
0.85 | 5 | 4 | 1 | 0.259166 | 0.273095 | +0.013929 | 0.363183 | 0.435313 | +0.072130 | 0.573753 | 0.597685 | +0.023932 | 0.379507 | 0.407727 | +0.028220 | 0.393902 | 0.428455 | +0.034553
0.85 | 5 | 1 | 5 | 0.259166 | 0.273092 | +0.013926 | 0.363183 | 0.435308 | +0.072125 | 0.573753 | 0.597682 | +0.023929 | 0.379507 | 0.407731 | +0.028224 | 0.393902 | 0.428453 | +0.034551
0.85 | 3 | 1 | 5 | 0.259166 | 0.273093 | +0.013928 | 0.363183 | 0.435311 | +0.072128 | 0.573753 | 0.597682 | +0.023929 | 0.379507 | 0.407726 | +0.028218 | 0.393902 | 0.428453 | +0.034551
0.85 | 5 | 2 | 3 | 0.259166 | 0.273092 | +0.013926 | 0.363183 | 0.435309 | +0.072126 | 0.573753 | 0.597682 | +0.023928 | 0.379507 | 0.407728 | +0.028221 | 0.393902 | 0.428453 | +0.034550
0.85 | 5 | 1 | 3 | 0.259166 | 0.273094 | +0.013928 | 0.363183 | 0.435310 | +0.072127 | 0.573753 | 0.597679 | +0.023926 | 0.379507 | 0.407727 | +0.028220 | 0.393902 | 0.428453 | +0.034550
0.85 | 5 | 4 | 3 | 0.259166 | 0.273092 | +0.013926 | 0.363183 | 0.435308 | +0.072125 | 0.573753 | 0.597682 | +0.023929 | 0.379507 | 0.407728 | +0.028221 | 0.393902 | 0.428453 | +0.034550
0.85 | 5 | 2 | 5 | 0.259166 | 0.273093 | +0.013927 | 0.363183 | 0.435307 | +0.072124 | 0.573753 | 0.597681 | +0.023928 | 0.379507 | 0.407728 | +0.028221 | 0.393902 | 0.428452 | +0.034550
0.85 | 3 | 4 | 5 | 0.259166 | 0.273093 | +0.013927 | 0.363183 | 0.435310 | +0.072128 | 0.573753 | 0.597680 | +0.023926 | 0.379507 | 0.407725 | +0.028218 | 0.393902 | 0.428452 | +0.034550
0.85 | 3 | 2 | 5 | 0.259166 | 0.273092 | +0.013926 | 0.363183 | 0.435310 | +0.072127 | 0.573753 | 0.597680 | +0.023927 | 0.379507 | 0.407725 | +0.028218 | 0.393902 | 0.428452 | +0.034550
0.85 | 5 | 4 | 5 | 0.259166 | 0.273092 | +0.013926 | 0.363183 | 0.435306 | +0.072123 | 0.573753 | 0.597681 | +0.023928 | 0.379507 | 0.407728 | +0.028221 | 0.393902 | 0.428452 | +0.034549
0.75 | 3 | 1 | 1 | 0.259166 | 0.272657 | +0.013491 | 0.363183 | 0.426048 | +0.062865 | 0.573753 | 0.596569 | +0.022816 | 0.379507 | 0.406978 | +0.027471 | 0.393902 | 0.425563 | +0.031661
0.75 | 3 | 2 | 1 | 0.259166 | 0.272656 | +0.013490 | 0.363183 | 0.426047 | +0.062864 | 0.573753 | 0.596569 | +0.022815 | 0.379507 | 0.406979 | +0.027472 | 0.393902 | 0.425563 | +0.031661
0.75 | 3 | 4 | 1 | 0.259166 | 0.272656 | +0.013490 | 0.363183 | 0.426047 | +0.062864 | 0.573753 | 0.596568 | +0.022814 | 0.379507 | 0.406979 | +0.027472 | 0.393902 | 0.425563 | +0.031660
0.75 | 3 | 1 | 3 | 0.259166 | 0.272653 | +0.013487 | 0.363183 | 0.426043 | +0.062860 | 0.573753 | 0.596561 | +0.022808 | 0.379507 | 0.406977 | +0.027470 | 0.393902 | 0.425559 | +0.031656
0.75 | 5 | 2 | 1 | 0.259166 | 0.272653 | +0.013487 | 0.363183 | 0.426043 | +0.062860 | 0.573753 | 0.596562 | +0.022808 | 0.379507 | 0.406976 | +0.027469 | 0.393902 | 0.425558 | +0.031656
0.75 | 5 | 1 | 1 | 0.259166 | 0.272652 | +0.013486 | 0.363183 | 0.426043 | +0.062860 | 0.573753 | 0.596562 | +0.022808 | 0.379507 | 0.406976 | +0.027469 | 0.393902 | 0.425558 | +0.031656
0.75 | 3 | 2 | 3 | 0.259166 | 0.272652 | +0.013486 | 0.363183 | 0.426042 | +0.062859 | 0.573753 | 0.596558 | +0.022805 | 0.379507 | 0.406977 | +0.027470 | 0.393902 | 0.425557 | +0.031655
0.75 | 3 | 4 | 3 | 0.259166 | 0.272652 | +0.013486 | 0.363183 | 0.426042 | +0.062859 | 0.573753 | 0.596555 | +0.022802 | 0.379507 | 0.406976 | +0.027469 | 0.393902 | 0.425556 | +0.031654
0.75 | 5 | 4 | 1 | 0.259166 | 0.272653 | +0.013487 | 0.363183 | 0.426042 | +0.062859 | 0.573753 | 0.596553 | +0.022800 | 0.379507 | 0.406976 | +0.027469 | 0.393902 | 0.425556 | +0.031654
0.75 | 5 | 1 | 5 | 0.259166 | 0.272649 | +0.013483 | 0.363183 | 0.426038 | +0.062856 | 0.573753 | 0.596551 | +0.022797 | 0.379507 | 0.406980 | +0.027473 | 0.393902 | 0.425555 | +0.031652
0.75 | 3 | 1 | 5 | 0.259166 | 0.272652 | +0.013486 | 0.363183 | 0.426040 | +0.062857 | 0.573753 | 0.596551 | +0.022797 | 0.379507 | 0.406975 | +0.027468 | 0.393902 | 0.425554 | +0.031652
0.75 | 5 | 2 | 3 | 0.259166 | 0.272649 | +0.013483 | 0.363183 | 0.426038 | +0.062855 | 0.573753 | 0.596550 | +0.022797 | 0.379507 | 0.406977 | +0.027470 | 0.393902 | 0.425554 | +0.031651
0.75 | 5 | 4 | 3 | 0.259166 | 0.272649 | +0.013483 | 0.363183 | 0.426038 | +0.062855 | 0.573753 | 0.596550 | +0.022796 | 0.379507 | 0.406977 | +0.027470 | 0.393902 | 0.425553 | +0.031651
0.75 | 5 | 1 | 3 | 0.259166 | 0.272651 | +0.013485 | 0.363183 | 0.426040 | +0.062857 | 0.573753 | 0.596547 | +0.022793 | 0.379507 | 0.406976 | +0.027469 | 0.393902 | 0.425553 | +0.031651
0.75 | 3 | 4 | 5 | 0.259166 | 0.272649 | +0.013483 | 0.363183 | 0.426040 | +0.062857 | 0.573753 | 0.596549 | +0.022796 | 0.379507 | 0.406975 | +0.027468 | 0.393902 | 0.425553 | +0.031651
0.75 | 3 | 2 | 5 | 0.259166 | 0.272650 | +0.013484 | 0.363183 | 0.426040 | +0.062857 | 0.573753 | 0.596549 | +0.022796 | 0.379507 | 0.406974 | +0.027467 | 0.393902 | 0.425553 | +0.031651
0.75 | 5 | 2 | 5 | 0.259166 | 0.272650 | +0.013484 | 0.363183 | 0.426036 | +0.062854 | 0.573753 | 0.596549 | +0.022796 | 0.379507 | 0.406977 | +0.027470 | 0.393902 | 0.425553 | +0.031651
0.75 | 5 | 4 | 5 | 0.259166 | 0.272649 | +0.013483 | 0.363183 | 0.426036 | +0.062853 | 0.573753 | 0.596550 | +0.022796 | 0.379507 | 0.406977 | +0.027470 | 0.393902 | 0.425553 | +0.031651
0.60 | 3 | 1 | 1 | 0.259166 | 0.270224 | +0.011059 | 0.363183 | 0.409182 | +0.045999 | 0.573753 | 0.592081 | +0.018328 | 0.379507 | 0.403545 | +0.024038 | 0.393902 | 0.418758 | +0.024856
0.60 | 3 | 2 | 1 | 0.259166 | 0.270224 | +0.011058 | 0.363183 | 0.409182 | +0.045999 | 0.573753 | 0.592081 | +0.018327 | 0.379507 | 0.403546 | +0.024039 | 0.393902 | 0.418758 | +0.024856
0.60 | 3 | 4 | 1 | 0.259166 | 0.270224 | +0.011058 | 0.363183 | 0.409181 | +0.045999 | 0.573753 | 0.592080 | +0.018326 | 0.379507 | 0.403546 | +0.024039 | 0.393902 | 0.418758 | +0.024856
0.60 | 3 | 1 | 3 | 0.259166 | 0.270222 | +0.011056 | 0.363183 | 0.409178 | +0.045995 | 0.573753 | 0.592073 | +0.018320 | 0.379507 | 0.403544 | +0.024037 | 0.393902 | 0.418754 | +0.024852
0.60 | 3 | 2 | 3 | 0.259166 | 0.270220 | +0.011054 | 0.363183 | 0.409177 | +0.045994 | 0.573753 | 0.592074 | +0.018321 | 0.379507 | 0.403544 | +0.024037 | 0.393902 | 0.418754 | +0.024851
0.60 | 5 | 2 | 1 | 0.259166 | 0.270220 | +0.011055 | 0.363183 | 0.409177 | +0.045994 | 0.573753 | 0.592074 | +0.018320 | 0.379507 | 0.403543 | +0.024036 | 0.393902 | 0.418754 | +0.024851
0.60 | 5 | 1 | 1 | 0.259166 | 0.270220 | +0.011054 | 0.363183 | 0.409177 | +0.045994 | 0.573753 | 0.592074 | +0.018320 | 0.379507 | 0.403543 | +0.024036 | 0.393902 | 0.418754 | +0.024851
0.60 | 3 | 4 | 3 | 0.259166 | 0.270220 | +0.011054 | 0.363183 | 0.409177 | +0.045994 | 0.573753 | 0.592072 | +0.018319 | 0.379507 | 0.403543 | +0.024036 | 0.393902 | 0.418753 | +0.024851
0.60 | 5 | 4 | 1 | 0.259166 | 0.270221 | +0.011055 | 0.363183 | 0.409176 | +0.045993 | 0.573753 | 0.592070 | +0.018317 | 0.379507 | 0.403543 | +0.024036 | 0.393902 | 0.418752 | +0.024850
0.60 | 3 | 1 | 5 | 0.259166 | 0.270220 | +0.011054 | 0.363183 | 0.409175 | +0.045992 | 0.573753 | 0.592070 | +0.018316 | 0.379507 | 0.403542 | +0.024035 | 0.393902 | 0.418752 | +0.024850
0.60 | 5 | 1 | 5 | 0.259166 | 0.270217 | +0.011052 | 0.363183 | 0.409173 | +0.045990 | 0.573753 | 0.592071 | +0.018317 | 0.379507 | 0.403547 | +0.024040 | 0.393902 | 0.418752 | +0.024850
0.60 | 3 | 4 | 5 | 0.259166 | 0.270218 | +0.011052 | 0.363183 | 0.409175 | +0.045992 | 0.573753 | 0.592069 | +0.018316 | 0.379507 | 0.403543 | +0.024036 | 0.393902 | 0.418751 | +0.024849
0.60 | 3 | 2 | 5 | 0.259166 | 0.270218 | +0.011052 | 0.363183 | 0.409175 | +0.045992 | 0.573753 | 0.592069 | +0.018315 | 0.379507 | 0.403542 | +0.024035 | 0.393902 | 0.418751 | +0.024849
0.60 | 5 | 1 | 3 | 0.259166 | 0.270219 | +0.011053 | 0.363183 | 0.409174 | +0.045991 | 0.573753 | 0.592067 | +0.018314 | 0.379507 | 0.403543 | +0.024036 | 0.393902 | 0.418751 | +0.024848
0.60 | 5 | 2 | 3 | 0.259166 | 0.270217 | +0.011052 | 0.363183 | 0.409173 | +0.045990 | 0.573753 | 0.592069 | +0.018316 | 0.379507 | 0.403544 | +0.024037 | 0.393902 | 0.418751 | +0.024848
0.60 | 5 | 4 | 3 | 0.259166 | 0.270217 | +0.011051 | 0.363183 | 0.409172 | +0.045989 | 0.573753 | 0.592069 | +0.018315 | 0.379507 | 0.403544 | +0.024037 | 0.393902 | 0.418751 | +0.024848
0.60 | 5 | 4 | 5 | 0.259166 | 0.270217 | +0.011051 | 0.363183 | 0.409170 | +0.045987 | 0.573753 | 0.592070 | +0.018316 | 0.379507 | 0.403544 | +0.024037 | 0.393902 | 0.418750 | +0.024848
0.60 | 5 | 2 | 5 | 0.259166 | 0.270217 | +0.011051 | 0.363183 | 0.409169 | +0.045986 | 0.573753 | 0.592069 | +0.018316 | 0.379507 | 0.403544 | +0.024037 | 0.393902 | 0.418750 | +0.024848
